  0   0   0   0   0   0   0   0   0   0   0   0   0   0   0   0
  0   0   0   0   0   0   0   0   0   0   0   0   0   0   0   0
  0   0   0   0   0   0   0   0   0   0   0   0   0   0   0   0
  0   0   0   0   0   0   9  11  11  11  11  11   0   0   0   0
  0   0   0   0   0  23 202 231 231 231 231 219  27   0   0   0
  0   0   0   0  23  49 226 255 255 255 255 242  29   0   0   0
  0   0   0   9 202 226 250 255 255 255 255 242  29   0   0   0
  0   0   0  11 231 255 255 255 255 255 255 242  29   0   0   0
  0   0   0  11 231 255 255 255 255 255 255 242  29   0   0   0
  0   0   0  10 211 234 252 255 255 255 255 242  29   0   0   0
  0   0   0   0  27  53 226 255 255 255 255 242  29   0   0   0
  0   0   0   0   0  24 211 242 242 242 242 229  28   0   0   0
  0   0   0   0   0   2  25  29  29  29  29  28   3   0   0   0
  0   0   0   0   0   0   0   0   0   0   0   0   0   0   0   0
  0   0   0   0   0   0   0   0   0   0   0   0   0   0   0   0
  0   0   0   0   0   0   0   0   0   0   0   0   0   0   0   0
  0   0   0   0   0   0   0   0   0   0   0   0   0   0   0   0
  0   0   0   0   0   0   0   0   0   0   0   0   0   0   0   0
  0   0   0   0   0   0   0   0   0   0   0   0   0   0   0   0
  0   0   0   0   0   0   9  11  11  11  11  11   0   0   0   0
  0   0   0   0   0  23 202 231 231 231 231 219  27   0   0   0
  0   0   0   0  23  49 226 255 255 255 255 242  29   0   0   0
  0   0   0   9 202 226 250 255 255 255 255 242  29   0   0   0
  0   0   0  11 231 255 255 255 255 255 255 242  29   0   0   0
  0   0   0  11 231 255 255 255 255 255 255 242  29   0   0   0
  0   0   0  10 211 234 252 255 255 255 255 242  29   0   0   0
  0   0   0   0  27  53 226 255 255 255 255 242  29   0   0   0
  0   0   0   0   0  24 211 242 242 242 242 229  28   0   0   0
  0   0   0   0   0   2  25  29  29  29  29  28   3   0   0   0
  0   0   0   0   0   0   0   0   0   0   0   0   0   0   0   0
  0   0   0   0   0   0   0   0   0   0   0   0   0   0   0   0
  0   0   0   0   0   0   0   0   0   0   0   0   0   0   0   0
  0   0   0   0   0   0   0   0   0   0   0   0   0   0   0   0
  0   0   0   0   0   0   0   0   0   0   0   0   0   0   0   0
  0   0   0   0   0   0   0   0   0   0   0   0   0   0   0   0
  0   0   0   0   0   0   9  11  11  11  11  11   0   0   0   0
  0   0   0   0   0  23 202 231 231 231 231 219  27   0   0   0
  0   0   0   0  23  49 226 255 255 255 255 242  29   0   0   0
  0   0   0   9 202 226 250 255 255 255 255 242  29   0   0   0
  0   0   0  11 231 255 255 255 255 255 255 242  29   0   0   0
  0   0   0  11 231 255 255 255 255 255 255 242  29   0   0   0
  0   0   0  10 211 234 252 255 255 255 255 242  29   0   0   0
  0   0   0   0  27  53 226 255 255 255 255 242  29   0   0   0
  0   0   0   0   0  24 211 242 242 242 242 229  28   0   0   0
  0   0   0   0   0   2  25  29  29  29  29  28   3   0   0   0
  0   0   0   0   0   0   0   0   0   0   0   0   0   0   0   0
  0   0   0   0   0   0   0   0   0   0   0   0   0   0   0   0
  0   0   0   0   0   0   0   0   0   0   0   0   0   0   0   0

  0   0   0   0   0   0   0   0   0   0   0   0   0   0   0   0
  0   0   0   0   0   0   0   0   0   0   0   0   0   0   0   0
  0   0   0   0   0   0   0   0   0   0   0   0   0   0   0   0
  0   0   0   1  19  20  20  20  20  20  20  19   1   0   0   0
  0   0   0  19 219 237 237 237 237 237 237 219  19   0   0   0
  0   0   0  20 237 255 255 255 255 255 255 237  20   0   0   0
  0   0   0  20 237 255 255 255 255 255 255 237  20   0   0   0
  0   0   0  20 237 255 255 255 255 255 255 237  20   0   0   0
  0   0   0  20 237 255 255 255 255 255 255 237  20   0   0   0
  0   0   0  18 211 231 252 255 255 252 231 211  18   0   0   0
  0   0   0   2  26  54 231 255 255 231  54  26   2   0   0   0
  0   0   0   0   0  26 211 237 237 211  26   0   0   0   0   0
  0   0   0   0   0   2  18  20  20  18   2   0   0   0   0   0
  0   0   0   0   0   0   0   0   0   0   0   0   0   0   0   0
  0   0   0   0   0   0   0   0   0   0   0   0   0   0   0   0
  0   0   0   0   0   0   0   0   0   0   0   0   0   0   0   0
  0   0   0   0   0   0   0   0   0   0   0   0   0   0   0   0
  0   0   0   0   0   0   0   0   0   0   0   0   0   0   0   0
  0   0   0   0   0   0   0   0   0   0   0   0   0   0   0   0
  0   0   0   1  19  20  20  20  20  20  20  19   1   0   0   0
  0   0   0  19 219 237 237 237 237 237 237 219  19   0   0   0
  0   0   0  20 237 255 255 255 255 255 255 237  20   0   0   0
  0   0   0  20 237 255 255 255 255 255 255 237  20   0   0   0
  0   0   0  20 237 255 255 255 255 255 255 237  20   0   0   0
  0   0   0  20 237 255 255 255 255 255 255 237  20   0   0   0
  0   0   0  18 211 231 252 255 255 252 231 211  18   0   0   0
  0   0   0   2  26  54 231 255 255 231  54  26   2   0   0   0
  0   0   0   0   0  26 211 237 237 211  26   0   0   0   0   0
  0   0   0   0   0   2  18  20  20  18   2   0   0   0   0   0
  0   0   0   0   0   0   0   0   0   0   0   0   0   0   0   0
  0   0   0   0   0   0   0   0   0   0   0   0   0   0   0   0
  0   0   0   0   0   0   0   0   0   0   0   0   0   0   0   0
  0   0   0   0   0   0   0   0   0   0   0   0   0   0   0   0
  0   0   0   0   0   0   0   0   0   0   0   0   0   0   0   0
  0   0   0   0   0   0   0   0   0   0   0   0   0   0   0   0
  0   0   0   1  19  20  20  20  20  20  20  19   1   0   0   0
  0   0   0  19 219 237 237 237 237 237 237 219  19   0   0   0
  0   0   0  20 237 255 255 255 255 255 255 237  20   0   0   0
  0   0   0  20 237 255 255 255 255 255 255 237  20   0   0   0
  0   0   0  20 237 255 255 255 255 255 255 237  20   0   0   0
  0   0   0  20 237 255 255 255 255 255 255 237  20   0   0   0
  0   0   0  18 211 231 252 255 255 252 231 211  18   0   0   0
  0   0   0   2  26  54 231 255 255 231  54  26   2   0   0   0
  0   0   0   0   0  26 211 237 237 211  26   0   0   0   0   0
  0   0   0   0   0   2  18  20  20  18   2   0   0   0   0   0
  0   0   0   0   0   0   0   0   0   0   0   0   0   0   0   0
  0   0   0   0   0   0   0   0   0   0   0   0   0   0   0   0
  0   0   0   0   0   0   0   0   0   0   0   0   0   0   0   0

  0   0   0   0   0   0   0   0   0   0   0   0   0   0   0   0
  0   0   0   0   0   0   0   0   0   0   0   0   0   0   0   0
  0   0   0   0   0   0   0   0   0   0   0   0   0   0   0   0
  0   0   0   1  19  20  20  20  20  18   2   0   0   0   0   0
  0   0   0  19 219 237 237 237 237 211  26   0   0   0   0   0
  0   0   0  20 237 255 255 255 255 231  54  26   2   0   0   0
  0   0   0  20 237 255 255 255 255 252 231 211  18   0   0   0
  0   0   0  20 237 255 255 255 255 255 255 237  20   0   0   0
  0   0   0  20 237 255 255 255 255 255 255 237  20   0   0   0
  0   0   0  20 237 255 255 255 255 252 231 211  18   0   0   0
  0   0   0  20 237 255 255 255 255 231  54  26   2   0   0   0
  0   0   0  19 219 237 237 237 237 211  26   0   0   0   0   0
  0   0   0   1  19  20  20  20  20  18   2   0   0   0   0   0
  0   0   0   0   0   0   0   0   0   0   0   0   0   0   0   0
  0   0   0   0   0   0   0   0   0   0   0   0   0   0   0   0
  0   0   0   0   0   0   0   0   0   0   0   0   0   0   0   0
  0   0   0   0   0   0   0   0   0   0   0   0   0   0   0   0
  0   0   0   0   0   0   0   0   0   0   0   0   0   0   0   0
  0   0   0   0   0   0   0   0   0   0   0   0   0   0   0   0
  0   0   0   1  19  20  20  20  20  18   2   0   0   0   0   0
  0   0   0  19 219 237 237 237 237 211  26   0   0   0   0   0
  0   0   0  20 237 255 255 255 255 231  54  26   2   0   0   0
  0   0   0  20 237 255 255 255 255 252 231 211  18   0   0   0
  0   0   0  20 237 255 255 255 255 255 255 237  20   0   0   0
  0   0   0  20 237 255 255 255 255 255 255 237  20   0   0   0
  0   0   0  20 237 255 255 255 255 252 231 211  18   0   0   0
  0   0   0  20 237 255 255 255 255 231  54  26   2   0   0   0
  0   0   0  19 219 237 237 237 237 211  26   0   0   0   0   0
  0   0   0   1  19  20  20  20  20  18   2   0   0   0   0   0
  0   0   0   0   0   0   0   0   0   0   0   0   0   0   0   0
  0   0   0   0   0   0   0   0   0   0   0   0   0   0   0   0
  0   0   0   0   0   0   0   0   0   0   0   0   0   0   0   0
  0   0   0   0   0   0   0   0   0   0   0   0   0   0   0   0
  0   0   0   0   0   0   0   0   0   0   0   0   0   0   0   0
  0   0   0   0   0   0   0   0   0   0   0   0   0   0   0   0
  0   0   0   1  19  20  20  20  20  18   2   0   0   0   0   0
  0   0   0  19 219 237 237 237 237 211  26   0   0   0   0   0
  0   0   0  20 237 255 255 255 255 231  54  26   2   0   0   0
  0   0   0  20 237 255 255 255 255 252 231 211  18   0   0   0
  0   0   0  20 237 255 255 255 255 255 255 237  20   0   0   0
  0   0   0  20 237 255 255 255 255 255 255 237  20   0   0   0
  0   0   0  20 237 255 255 255 255 252 231 211  18   0   0   0
  0   0   0  20 237 255 255 255 255 231  54  26   2   0   0   0
  0   0   0  19 219 237 237 237 237 211  26   0   0   0   0   0
  0   0   0   1  19  20  20  20  20  18   2   0   0   0   0   0
  0   0   0   0   0   0   0   0   0   0   0   0   0   0   0   0
  0   0   0   0   0   0   0   0   0   0   0   0   0   0   0   0
  0   0   0   0   0   0   0   0   0   0   0   0   0   0   0   0

  0   0   0   0   0   0   0   0   0   0   0   0   0   0   0   0
  0   0   0   0   0   0   0   0   0   0   0   0   0   0   0   0
  0   0   0   0   0   0   0   0   0   0   0   0   0   0   0   0
  0   0   0   0   0   2  18  20  20  18   2   0   0   0   0   0
  0   0   0   0   0  26 211 237 237 211  26   0   0   0   0   0
  0   0   0   2  26  54 231 255 255 231  54  26   2   0   0   0
  0   0   0  18 211 231 252 255 255 252 231 211  18   0   0   0
  0   0   0  20 237 255 255 255 255 255 255 237  20   0   0   0
  0   0   0  20 237 255 255 255 255 255 255 237  20   0   0   0
  0   0   0  20 237 255 255 255 255 255 255 237  20   0   0   0
  0   0   0  20 237 255 255 255 255 255 255 237  20   0   0   0
  0   0   0  19 219 237 237 237 237 237 237 219  19   0   0   0
  0   0   0   1  19  20  20  20  20  20  20  19   1   0   0   0
  0   0   0   0   0   0   0   0   0   0   0   0   0   0   0   0
  0   0   0   0   0   0   0   0   0   0   0   0   0   0   0   0
  0   0   0   0   0   0   0   0   0   0   0   0   0   0   0   0
  0   0   0   0   0   0   0   0   0   0   0   0   0   0   0   0
  0   0   0   0   0   0   0   0   0   0   0   0   0   0   0   0
  0   0   0   0   0   0   0   0   0   0   0   0   0   0   0   0
  0   0   0   0   0   2  18  20  20  18   2   0   0   0   0   0
  0   0   0   0   0  26 211 237 237 211  26   0   0   0   0   0
  0   0   0   2  26  54 231 255 255 231  54  26   2   0   0   0
  0   0   0  18 211 231 252 255 255 252 231 211  18   0   0   0
  0   0   0  20 237 255 255 255 255 255 255 237  20   0   0   0
  0   0   0  20 237 255 255 255 255 255 255 237  20   0   0   0
  0   0   0  20 237 255 255 255 255 255 255 237  20   0   0   0
  0   0   0  20 237 255 255 255 255 255 255 237  20   0   0   0
  0   0   0  19 219 237 237 237 237 237 237 219  19   0   0   0
  0   0   0   1  19  20  20  20  20  20  20  19   1   0   0   0
  0   0   0   0   0   0   0   0   0   0   0   0   0   0   0   0
  0   0   0   0   0   0   0   0   0   0   0   0   0   0   0   0
  0   0   0   0   0   0   0   0   0   0   0   0   0   0   0   0
  0   0   0   0   0   0   0   0   0   0   0   0   0   0   0   0
  0   0   0   0   0   0   0   0   0   0   0   0   0   0   0   0
  0   0   0   0   0   0   0   0   0   0   0   0   0   0   0   0
  0   0   0   0   0   2  18  20  20  18   2   0   0   0   0   0
  0   0   0   0   0  26 211 237 237 211  26   0   0   0   0   0
  0   0   0   2  26  54 231 255 255 231  54  26   2   0   0   0
  0   0   0  18 211 231 252 255 255 252 231 211  18   0   0   0
  0   0   0  20 237 255 255 255 255 255 255 237  20   0   0   0
  0   0   0  20 237 255 255 255 255 255 255 237  20   0   0   0
  0   0   0  20 237 255 255 255 255 255 255 237  20   0   0   0
  0   0   0  20 237 255 255 255 255 255 255 237  20   0   0   0
  0   0   0  19 219 237 237 237 237 237 237 219  19   0   0   0
  0   0   0   1  19  20  20  20  20  20  20  19   1   0   0   0
  0   0   0   0   0   0   0   0   0   0   0   0   0   0   0   0
  0   0   0   0   0   0   0   0   0   0   0   0   0   0   0   0
  0   0   0   0   0   0   0   0   0   0   0   0   0   0   0   0
