  0   0   0   0   0   0   0   0   0   0   0   0   0   0   0   0
  0   0   0   0   0   0   0   0   0   0   0   0   0   0   0   0
  0   0   0   0   0   0   0   0   0   0   0   0   0   0   0   0
  0   0   0   0   0   5  11  11  11  11  11  11   0   0   0   0
  0   0   0   0   0 103 226 231 231 231 231 219  27   0   0   0
  0   0   0   5 103 177 251 255 255 255 255 242  29   0   0   0
  0   0   0  11 226 251 254 255 255 255 255 242  29   0   0   0
  0   0   0  11 231 255 255 255 255 255 255 242  29   0   0   0
  0   0   0  11 231 255 255 255 255 255 255 242  29   0   0   0
  0   0   0  11 228 252 254 255 255 255 255 242  29   0   0   0
  0   0   0   6 118 186 252 255 255 255 255 242  29   0   0   0
  0   0   0   0   0 108 236 242 242 242 242 229  28   0   0   0
  0   0   0   0   0  13  28  29  29  29  29  28   3   0   0   0
  0   0   0   0   0   0   0   0   0   0   0   0   0   0   0   0
  0   0   0   0   0   0   0   0   0   0   0   0   0   0   0   0
  0   0   0   0   0   0   0   0   0   0   0   0   0   0   0   0
  0   0   0   0   0   0   0   0   0   0   0   0   0   0   0   0
  0   0   0   0   0   0   0   0   0   0   0   0   0   0   0   0
  0   0   0   0   0   0   0   0   0   0   0   0   0   0   0   0
  0   0   0   0   0   5  11  11  11  11  11  11   0   0   0   0
  0   0   0   0   0 103 226 231 231 231 231 219  27   0   0   0
  0   0   0   5 103 177 251 255 255 255 255 242  29   0   0   0
  0   0   0  11 226 251 254 255 255 255 255 242  29   0   0   0
  0   0   0  11 231 255 255 255 255 255 255 242  29   0   0   0
  0   0   0  11 231 255 255 255 255 255 255 242  29   0   0   0
  0   0   0  11 228 252 254 255 255 255 255 242  29   0   0   0
  0   0   0   6 118 186 252 255 255 255 255 242  29   0   0   0
  0   0   0   0   0 108 236 242 242 242 242 229  28   0   0   0
  0   0   0   0   0  13  28  29  29  29  29  28   3   0   0   0
  0   0   0   0   0   0   0   0   0   0   0   0   0   0   0   0
  0   0   0   0   0   0   0   0   0   0   0   0   0   0   0   0
  0   0   0   0   0   0   0   0   0   0   0   0   0   0   0   0
  0   0   0   0   0   0   0   0   0   0   0   0   0   0   0   0
  0   0   0   0   0   0   0   0   0   0   0   0   0   0   0   0
  0   0   0   0   0   0   0   0   0   0   0   0   0   0   0   0
  0   0   0   0   0   5  11  11  11  11  11  11   0   0   0   0
  0   0   0   0   0 103 226 231 231 231 231 219  27   0   0   0
  0   0   0   5 103 177 251 255 255 255 255 242  29   0   0   0
  0   0   0  11 226 251 254 255 255 255 255 242  29   0   0   0
  0   0   0  11 231 255 255 255 255 255 255 242  29   0   0   0
  0   0   0  11 231 255 255 255 255 255 255 242  29   0   0   0
  0   0   0  11 228 252 254 255 255 255 255 242  29   0   0   0
  0   0   0   6 118 186 252 255 255 255 255 242  29   0   0   0
  0   0   0   0   0 108 236 242 242 242 242 229  28   0   0   0
  0   0   0   0   0  13  28  29  29  29  29  28   3   0   0   0
  0   0   0   0   0   0   0   0   0   0   0   0   0   0   0   0
  0   0   0   0   0   0   0   0   0   0   0   0   0   0   0   0
  0   0   0   0   0   0   0   0   0   0   0   0   0   0   0   0

  0   0   0   0   0   0   0   0   0   0   0   0   0   0   0   0
  0   0   0   0   0   0   0   0   0   0   0   0   0   0   0   0
  0   0   0   0   0   0   0   0   0   0   0   0   0   0   0   0
  0   0   0   1  19  20  20  20  20  20  20  19   1   0   0   0
  0   0   0  19 219 237 237 237 237 237 237 219  19   0   0   0
  0   0   0  20 237 255 255 255 255 255 255 237  20   0   0   0
  0   0   0  20 237 255 255 255 255 255 255 237  20   0   0   0
  0   0   0  20 237 255 255 255 255 255 255 237  20   0   0   0
  0   0   0  20 237 255 255 255 255 255 255 237  20   0   0   0
  0   0   0  20 232 252 255 255 255 255 252 232  20   0   0   0
  0   0   0  10 113 186 252 255 255 252 186 113  10   0   0   0
  0   0   0   0   0 113 232 237 237 232 113   0   0   0   0   0
  0   0   0   0   0  10  20  20  20  20  10   0   0   0   0   0
  0   0   0   0   0   0   0   0   0   0   0   0   0   0   0   0
  0   0   0   0   0   0   0   0   0   0   0   0   0   0   0   0
  0   0   0   0   0   0   0   0   0   0   0   0   0   0   0   0
  0   0   0   0   0   0   0   0   0   0   0   0   0   0   0   0
  0   0   0   0   0   0   0   0   0   0   0   0   0   0   0   0
  0   0   0   0   0   0   0   0   0   0   0   0   0   0   0   0
  0   0   0   1  19  20  20  20  20  20  20  19   1   0   0   0
  0   0   0  19 219 237 237 237 237 237 237 219  19   0   0   0
  0   0   0  20 237 255 255 255 255 255 255 237  20   0   0   0
  0   0   0  20 237 255 255 255 255 255 255 237  20   0   0   0
  0   0   0  20 237 255 255 255 255 255 255 237  20   0   0   0
  0   0   0  20 237 255 255 255 255 255 255 237  20   0   0   0
  0   0   0  20 232 252 255 255 255 255 252 232  20   0   0   0
  0   0   0  10 113 186 252 255 255 252 186 113  10   0   0   0
  0   0   0   0   0 113 232 237 237 232 113   0   0   0   0   0
  0   0   0   0   0  10  20  20  20  20  10   0   0   0   0   0
  0   0   0   0   0   0   0   0   0   0   0   0   0   0   0   0
  0   0   0   0   0   0   0   0   0   0   0   0   0   0   0   0
  0   0   0   0   0   0   0   0   0   0   0   0   0   0   0   0
  0   0   0   0   0   0   0   0   0   0   0   0   0   0   0   0
  0   0   0   0   0   0   0   0   0   0   0   0   0   0   0   0
  0   0   0   0   0   0   0   0   0   0   0   0   0   0   0   0
  0   0   0   1  19  20  20  20  20  20  20  19   1   0   0   0
  0   0   0  19 219 237 237 237 237 237 237 219  19   0   0   0
  0   0   0  20 237 255 255 255 255 255 255 237  20   0   0   0
  0   0   0  20 237 255 255 255 255 255 255 237  20   0   0   0
  0   0   0  20 237 255 255 255 255 255 255 237  20   0   0   0
  0   0   0  20 237 255 255 255 255 255 255 237  20   0   0   0
  0   0   0  20 232 252 255 255 255 255 252 232  20   0   0   0
  0   0   0  10 113 186 252 255 255 252 186 113  10   0   0   0
  0   0   0   0   0 113 232 237 237 232 113   0   0   0   0   0
  0   0   0   0   0  10  20  20  20  20  10   0   0   0   0   0
  0   0   0   0   0   0   0   0   0   0   0   0   0   0   0   0
  0   0   0   0   0   0   0   0   0   0   0   0   0   0   0   0
  0   0   0   0   0   0   0   0   0   0   0   0   0   0   0   0

  0   0   0   0   0   0   0   0   0   0   0   0   0   0   0   0
  0   0   0   0   0   0   0   0   0   0   0   0   0   0   0   0
  0   0   0   0   0   0   0   0   0   0   0   0   0   0   0   0
  0   0   0   1  19  20  20  20  20  20  10   0   0   0   0   0
  0   0   0  19 219 237 237 237 237 232 113   0   0   0   0   0
  0   0   0  20 237 255 255 255 255 252 186 113  10   0   0   0
  0   0   0  20 237 255 255 255 255 255 252 232  20   0   0   0
  0   0   0  20 237 255 255 255 255 255 255 237  20   0   0   0
  0   0   0  20 237 255 255 255 255 255 255 237  20   0   0   0
  0   0   0  20 237 255 255 255 255 255 252 232  20   0   0   0
  0   0   0  20 237 255 255 255 255 252 186 113  10   0   0   0
  0   0   0  19 219 237 237 237 237 232 113   0   0   0   0   0
  0   0   0   1  19  20  20  20  20  20  10   0   0   0   0   0
  0   0   0   0   0   0   0   0   0   0   0   0   0   0   0   0
  0   0   0   0   0   0   0   0   0   0   0   0   0   0   0   0
  0   0   0   0   0   0   0   0   0   0   0   0   0   0   0   0
  0   0   0   0   0   0   0   0   0   0   0   0   0   0   0   0
  0   0   0   0   0   0   0   0   0   0   0   0   0   0   0   0
  0   0   0   0   0   0   0   0   0   0   0   0   0   0   0   0
  0   0   0   1  19  20  20  20  20  20  10   0   0   0   0   0
  0   0   0  19 219 237 237 237 237 232 113   0   0   0   0   0
  0   0   0  20 237 255 255 255 255 252 186 113  10   0   0   0
  0   0   0  20 237 255 255 255 255 255 252 232  20   0   0   0
  0   0   0  20 237 255 255 255 255 255 255 237  20   0   0   0
  0   0   0  20 237 255 255 255 255 255 255 237  20   0   0   0
  0   0   0  20 237 255 255 255 255 255 252 232  20   0   0   0
  0   0   0  20 237 255 255 255 255 252 186 113  10   0   0   0
  0   0   0  19 219 237 237 237 237 232 113   0   0   0   0   0
  0   0   0   1  19  20  20  20  20  20  10   0   0   0   0   0
  0   0   0   0   0   0   0   0   0   0   0   0   0   0   0   0
  0   0   0   0   0   0   0   0   0   0   0   0   0   0   0   0
  0   0   0   0   0   0   0   0   0   0   0   0   0   0   0   0
  0   0   0   0   0   0   0   0   0   0   0   0   0   0   0   0
  0   0   0   0   0   0   0   0   0   0   0   0   0   0   0   0
  0   0   0   0   0   0   0   0   0   0   0   0   0   0   0   0
  0   0   0   1  19  20  20  20  20  20  10   0   0   0   0   0
  0   0   0  19 219 237 237 237 237 232 113   0   0   0   0   0
  0   0   0  20 237 255 255 255 255 252 186 113  10   0   0   0
  0   0   0  20 237 255 255 255 255 255 252 232  20   0   0   0
  0   0   0  20 237 255 255 255 255 255 255 237  20   0   0   0
  0   0   0  20 237 255 255 255 255 255 255 237  20   0   0   0
  0   0   0  20 237 255 255 255 255 255 252 232  20   0   0   0
  0   0   0  20 237 255 255 255 255 252 186 113  10   0   0   0
  0   0   0  19 219 237 237 237 237 232 113   0   0   0   0   0
  0   0   0   1  19  20  20  20  20  20  10   0   0   0   0   0
  0   0   0   0   0   0   0   0   0   0   0   0   0   0   0   0
  0   0   0   0   0   0   0   0   0   0   0   0   0   0   0   0
  0   0   0   0   0   0   0   0   0   0   0   0   0   0   0   0

  0   0   0   0   0   0   0   0   0   0   0   0   0   0   0   0
  0   0   0   0   0   0   0   0   0   0   0   0   0   0   0   0
  0   0   0   0   0   0   0   0   0   0   0   0   0   0   0   0
  0   0   0   0   0  10  20  20  20  20  10   0   0   0   0   0
  0   0   0   0   0 113 232 237 237 232 113   0   0   0   0   0
  0   0   0  10 113 186 252 255 255 252 186 113  10   0   0   0
  0   0   0  20 232 252 255 255 255 255 252 232  20   0   0   0
  0   0   0  20 237 255 255 255 255 255 255 237  20   0   0   0
  0   0   0  20 237 255 255 255 255 255 255 237  20   0   0   0
  0   0   0  20 237 255 255 255 255 255 255 237  20   0   0   0
  0   0   0  20 237 255 255 255 255 255 255 237  20   0   0   0
  0   0   0  19 219 237 237 237 237 237 237 219  19   0   0   0
  0   0   0   1  19  20  20  20  20  20  20  19   1   0   0   0
  0   0   0   0   0   0   0   0   0   0   0   0   0   0   0   0
  0   0   0   0   0   0   0   0   0   0   0   0   0   0   0   0
  0   0   0   0   0   0   0   0   0   0   0   0   0   0   0   0
  0   0   0   0   0   0   0   0   0   0   0   0   0   0   0   0
  0   0   0   0   0   0   0   0   0   0   0   0   0   0   0   0
  0   0   0   0   0   0   0   0   0   0   0   0   0   0   0   0
  0   0   0   0   0  10  20  20  20  20  10   0   0   0   0   0
  0   0   0   0   0 113 232 237 237 232 113   0   0   0   0   0
  0   0   0  10 113 186 252 255 255 252 186 113  10   0   0   0
  0   0   0  20 232 252 255 255 255 255 252 232  20   0   0   0
  0   0   0  20 237 255 255 255 255 255 255 237  20   0   0   0
  0   0   0  20 237 255 255 255 255 255 255 237  20   0   0   0
  0   0   0  20 237 255 255 255 255 255 255 237  20   0   0   0
  0   0   0  20 237 255 255 255 255 255 255 237  20   0   0   0
  0   0   0  19 219 237 237 237 237 237 237 219  19   0   0   0
  0   0   0   1  19  20  20  20  20  20  20  19   1   0   0   0
  0   0   0   0   0   0   0   0   0   0   0   0   0   0   0   0
  0   0   0   0   0   0   0   0   0   0   0   0   0   0   0   0
  0   0   0   0   0   0   0   0   0   0   0   0   0   0   0   0
  0   0   0   0   0   0   0   0   0   0   0   0   0   0   0   0
  0   0   0   0   0   0   0   0   0   0   0   0   0   0   0   0
  0   0   0   0   0   0   0   0   0   0   0   0   0   0   0   0
  0   0   0   0   0  10  20  20  20  20  10   0   0   0   0   0
  0   0   0   0   0 113 232 237 237 232 113   0   0   0   0   0
  0   0   0  10 113 186 252 255 255 252 186 113  10   0   0   0
  0   0   0  20 232 252 255 255 255 255 252 232  20   0   0   0
  0   0   0  20 237 255 255 255 255 255 255 237  20   0   0   0
  0   0   0  20 237 255 255 255 255 255 255 237  20   0   0   0
  0   0   0  20 237 255 255 255 255 255 255 237  20   0   0   0
  0   0   0  20 237 255 255 255 255 255 255 237  20   0   0   0
  0   0   0  19 219 237 237 237 237 237 237 219  19   0   0   0
  0   0   0   1  19  20  20  20  20  20  20  19   1   0   0   0
  0   0   0   0   0   0   0   0   0   0   0   0   0   0   0   0
  0   0   0   0   0   0   0   0   0   0   0   0   0   0   0   0
  0   0   0   0   0   0   0   0   0   0   0   0   0   0   0   0
